3.000000 0.394700
15.000000 0.447702
27.000000 0.453623
39.000000 0.470820
51.000000 0.475613
63.000000 0.484917
75.000000 0.496476
87.000000 0.480970
99.000000 0.486045
111.000000 0.490837
123.000000 0.491965
135.000000 0.491119
147.000000 0.497604
159.000000 0.490273
171.000000 0.493093
183.000000 0.499859
195.000000 0.502396
207.000000 0.501269
219.000000 0.494784
231.000000 0.495630
243.000000 0.499013
255.000000 0.500705
267.000000 0.500987
279.000000 0.504370
291.000000 0.510572
303.000000 0.514519
315.000000 0.512264
327.000000 0.519312
339.000000 0.518748
351.000000 0.523259
363.000000 0.518184
375.000000 0.522413
387.000000 0.524951
399.000000 0.535100
411.000000 0.529743
423.000000 0.529743
435.000000 0.534536
447.000000 0.535100
459.000000 0.535664
471.000000 0.533972
483.000000 0.533690
495.000000 0.532563
507.000000 0.529462
519.000000 0.526924
531.000000 0.530025
543.000000 0.529462
555.000000 0.528334
567.000000 0.532845
579.000000 0.535664
591.000000 0.538483
603.000000 0.537356
615.000000 0.534536
627.000000 0.534254
639.000000 0.531717
651.000000 0.533690
663.000000 0.537356
675.000000 0.537637
687.000000 0.538765
699.000000 0.538201
711.000000 0.543558
723.000000 0.545250
735.000000 0.542712
747.000000 0.548351
759.000000 0.551452
771.000000 0.553144
783.000000 0.555963
795.000000 0.554835
807.000000 0.550606
819.000000 0.552580
831.000000 0.547505
843.000000 0.554553
855.000000 0.556245
867.000000 0.559064
879.000000 0.558782
891.000000 0.557936
903.000000 0.557372
915.000000 0.558500
927.000000 0.558218
939.000000 0.561601
951.000000 0.561319
963.000000 0.555963
975.000000 0.558782
987.000000 0.559910
999.000000 0.559064
1011.000000 0.559064
1023.000000 0.565266
1035.000000 0.562729
1047.000000 0.568086
1059.000000 0.566676
1071.000000 0.562729
1083.000000 0.562729
1095.000000 0.563293
1107.000000 0.562165
1119.000000 0.561037
1131.000000 0.562729
1143.000000 0.560756
1155.000000 0.560756
1167.000000 0.562165
1179.000000 0.563011
1191.000000 0.563293
1203.000000 0.563011
1215.000000 0.562447
1227.000000 0.563011
1239.000000 0.562165
1251.000000 0.564984
1263.000000 0.563857
1275.000000 0.566112
1287.000000 0.564703
1299.000000 0.566394
1311.000000 0.572597
1323.000000 0.574852
1335.000000 0.573160
1347.000000 0.573442
1359.000000 0.576825
1371.000000 0.572597
1383.000000 0.571469
1395.000000 0.568931
1407.000000 0.570905
1419.000000 0.575698
1431.000000 0.577107
1443.000000 0.575416
1455.000000 0.575980
1467.000000 0.575134
1479.000000 0.574288
1491.000000 0.577107
1503.000000 0.576825
1515.000000 0.577671
1527.000000 0.576825
1539.000000 0.576544
1551.000000 0.577953
1563.000000 0.581618
1575.000000 0.581618
1587.000000 0.580491
1599.000000 0.582464
1611.000000 0.582746
1623.000000 0.581618
1635.000000 0.585565
1647.000000 0.585565
1659.000000 0.583874
1671.000000 0.582464
1683.000000 0.581336
1695.000000 0.582746
1707.000000 0.583592
1719.000000 0.583028
1731.000000 0.586129
1743.000000 0.587539
1755.000000 0.587539
1767.000000 0.589230
1779.000000 0.587539
1791.000000 0.585001
1803.000000 0.584156
1815.000000 0.583592
1827.000000 0.586975
1839.000000 0.587257
1851.000000 0.585565
1863.000000 0.586693
1875.000000 0.591204
1887.000000 0.590358
1899.000000 0.592332
1911.000000 0.592895
1923.000000 0.592332
1935.000000 0.593177
1947.000000 0.594023
1959.000000 0.593459
1971.000000 0.592895
1983.000000 0.592332
1995.000000 0.594869
2007.000000 0.597124
2019.000000 0.598816
2031.000000 0.598252
2043.000000 0.599098
2055.000000 0.600789
2067.000000 0.601635
2079.000000 0.600789
2091.000000 0.601917
2103.000000 0.600507
2115.000000 0.599380
2127.000000 0.597970
2139.000000 0.597688
2151.000000 0.599380
2163.000000 0.599662
2175.000000 0.600226
2187.000000 0.601635
2199.000000 0.601353
2211.000000 0.602481
2223.000000 0.598816
2235.000000 0.597406
2247.000000 0.597688
2259.000000 0.598816
2271.000000 0.601353
2283.000000 0.604454
2295.000000 0.605300
2307.000000 0.604454
2319.000000 0.605864
2331.000000 0.607274
2343.000000 0.606992
2355.000000 0.606146
2367.000000 0.605864
2379.000000 0.604736
2391.000000 0.606710
2403.000000 0.605300
2415.000000 0.606146
2427.000000 0.603045
2439.000000 0.605300
2451.000000 0.603045
2463.000000 0.602763
2475.000000 0.607274
2487.000000 0.608120
2499.000000 0.609811
2511.000000 0.613194
2523.000000 0.611785
2535.000000 0.612348
2547.000000 0.614322
2559.000000 0.617423
2571.000000 0.615450
2583.000000 0.614886
2595.000000 0.614604
2607.000000 0.613194
2619.000000 0.612912
2631.000000 0.614322
2643.000000 0.613758
2655.000000 0.612348
2667.000000 0.613758
2679.000000 0.614040
2691.000000 0.614040
2703.000000 0.614040
2715.000000 0.614322
2727.000000 0.614886
2739.000000 0.614040
2751.000000 0.614886
2763.000000 0.619679
2775.000000 0.622498
2787.000000 0.620806
2799.000000 0.620806
2811.000000 0.621652
2823.000000 0.619397
2835.000000 0.621934
2847.000000 0.621088
2859.000000 0.621088
2871.000000 0.622780
2883.000000 0.625035
2895.000000 0.626163
2907.000000 0.628136
2919.000000 0.625881
2931.000000 0.628982
2943.000000 0.629546
2955.000000 0.628982
2967.000000 0.629264
2979.000000 0.627573
2991.000000 0.624189
3003.000000 0.625881
3015.000000 0.625881
3027.000000 0.626727
3039.000000 0.628982
3051.000000 0.628982
3063.000000 0.628982
3075.000000 0.629546
3087.000000 0.630110
3099.000000 0.630392
3111.000000 0.629828
3123.000000 0.629828
3135.000000 0.630392
3147.000000 0.631802
3159.000000 0.630674
3171.000000 0.632083
3183.000000 0.631238
3195.000000 0.630392
3207.000000 0.631520
3219.000000 0.631238
3231.000000 0.632083
3243.000000 0.632647
3255.000000 0.630392
3267.000000 0.630110
3279.000000 0.630110
3291.000000 0.630110
3303.000000 0.630956
3315.000000 0.630110
3327.000000 0.630110
3339.000000 0.631520
3351.000000 0.631520
3363.000000 0.632083
3375.000000 0.631238
3385.000000 0.630674
3394.000000 0.630392
3405.000000 0.629828
3417.000000 0.627855
3429.000000 0.629828
3441.000000 0.628136
3450.000000 0.628982
3459.000000 0.627855
3467.000000 0.629546
3475.000000 0.628700
3484.000000 0.628982
3492.000000 0.629264
3500.000000 0.629828
3508.000000 0.630674
3520.000000 0.629546
3532.000000 0.630392
3541.000000 0.628700
3549.000000 0.629546
3558.000000 0.627291
3567.000000 0.628418
3576.000000 0.628982
3585.000000 0.628418
3593.000000 0.628418
3602.000000 0.627855
3610.000000 0.630674
3620.000000 0.630110
3629.000000 0.629546
3637.000000 0.629264
3645.000000 0.629546
3653.000000 0.630392
3661.000000 0.631802
3669.000000 0.630956
3677.000000 0.631238
3685.000000 0.630392
3694.000000 0.631238
3702.000000 0.633211
3710.000000 0.634339
3719.000000 0.632083
3727.000000 0.630674
3735.000000 0.630110
3743.000000 0.630392
3751.000000 0.631802
3760.000000 0.627009
3768.000000 0.626727
3776.000000 0.626163
3784.000000 0.626445
3793.000000 0.628418
3803.000000 0.627573
3811.000000 0.625599
3819.000000 0.627009
3827.000000 0.627291
3836.000000 0.627291
3845.000000 0.627855
3854.000000 0.627291
3862.000000 0.628136
3870.000000 0.628700
3878.000000 0.628700
3887.000000 0.630392
3895.000000 0.630392
3903.000000 0.630956
3911.000000 0.632365
3919.000000 0.633493
3927.000000 0.632083
3935.000000 0.630110
3943.000000 0.631802
3952.000000 0.630674
3960.000000 0.631802
3968.000000 0.631802
3976.000000 0.635185
3984.000000 0.636030
3992.000000 0.638004
4000.000000 0.637440
4008.000000 0.636312
4016.000000 0.637158
4024.000000 0.638568
4035.000000 0.638004
4044.000000 0.635749
4053.000000 0.638286
4061.000000 0.637722
4069.000000 0.638850
4079.000000 0.639696
4088.000000 0.641105
4097.000000 0.641105
4105.000000 0.640259
4113.000000 0.641669
4122.000000 0.641387
4131.000000 0.638286
4139.000000 0.639414
4147.000000 0.640541
4155.000000 0.639696
4163.000000 0.639414
4172.000000 0.639414
4180.000000 0.638568
4188.000000 0.639977
4196.000000 0.638568
4204.000000 0.636594
4213.000000 0.637722
4221.000000 0.637440
4229.000000 0.640823
4237.000000 0.639414
4245.000000 0.639696
4253.000000 0.638850
4263.000000 0.640259
4272.000000 0.640259
4280.000000 0.639696
4288.000000 0.641669
4296.000000 0.642515
4305.000000 0.639977
4315.000000 0.641105
4323.000000 0.640541
4331.000000 0.641387
4341.000000 0.639696
4349.000000 0.641105
4359.000000 0.640541
4368.000000 0.641669
4376.000000 0.641105
4384.000000 0.640823
4393.000000 0.638004
4401.000000 0.639414
4409.000000 0.638286
4417.000000 0.639132
4425.000000 0.639696
4434.000000 0.638568
4442.000000 0.640541
4450.000000 0.642233
4458.000000 0.642233
4466.000000 0.641951
4474.000000 0.643361
4482.000000 0.642233
4490.000000 0.641951
4498.000000 0.641105
4506.000000 0.641105
4514.000000 0.639696
4522.000000 0.639977
4530.000000 0.638850
4538.000000 0.639414
4546.000000 0.640541
4554.000000 0.639696
4562.000000 0.640259
4570.000000 0.639977
4578.000000 0.641387
4586.000000 0.639977
4595.000000 0.639977
4603.000000 0.641387
4611.000000 0.641669
4620.000000 0.642797
4629.000000 0.641951
4639.000000 0.641951
4647.000000 0.642515
4655.000000 0.640823
4663.000000 0.641951
4671.000000 0.643079
4680.000000 0.642797
4688.000000 0.641669
4696.000000 0.641105
4704.000000 0.640541
4712.000000 0.641105
4720.000000 0.640823
4728.000000 0.639414
4736.000000 0.638850
4744.000000 0.639414
4752.000000 0.639414
4760.000000 0.639977
4768.000000 0.639132
4777.000000 0.640541
4785.000000 0.640541
4794.000000 0.641105
4802.000000 0.641669
4810.000000 0.639696
4818.000000 0.640823
4826.000000 0.640541
4834.000000 0.641951
4842.000000 0.640823
4850.000000 0.639977
4858.000000 0.638568
4866.000000 0.639696
4874.000000 0.638850
4882.000000 0.641105
4890.000000 0.641387
4898.000000 0.641105
4906.000000 0.641105
4914.000000 0.639977
4922.000000 0.638850
4930.000000 0.638286
4938.000000 0.636594
4946.000000 0.637722
4954.000000 0.637158
4962.000000 0.638004
4970.000000 0.638004
4978.000000 0.638004
4986.000000 0.637722
4995.000000 0.639414
5003.000000 0.637722
5011.000000 0.639414
5019.000000 0.640541
5027.000000 0.638568
5035.000000 0.640541
5043.000000 0.640541
5051.000000 0.638850
5059.000000 0.640823
5068.000000 0.640541
5076.000000 0.639696
5084.000000 0.638850
5092.000000 0.640823
5101.000000 0.641669
5109.000000 0.640541
5117.000000 0.641105
5125.000000 0.641387
5133.000000 0.641387
5141.000000 0.640541
5149.000000 0.638850
5157.000000 0.639696
5165.000000 0.641105
5173.000000 0.640823
5181.000000 0.642515
5189.000000 0.641105
5197.000000 0.641951
5205.000000 0.643643
5213.000000 0.643079
5221.000000 0.643924
5229.000000 0.643924
5237.000000 0.644206
5246.000000 0.643924
5254.000000 0.643361
5262.000000 0.642797
5270.000000 0.641669
5278.000000 0.643079
5286.000000 0.643643
5294.000000 0.642797
5302.000000 0.643079
5310.000000 0.641951
5318.000000 0.644206
5326.000000 0.642233
5334.000000 0.641951
5342.000000 0.642515
5350.000000 0.642515
5358.000000 0.643361
5366.000000 0.644206
5374.000000 0.643643
5382.000000 0.645052
5390.000000 0.645616
5398.000000 0.644770
5406.000000 0.643361
5414.000000 0.643643
5422.000000 0.644488
5430.000000 0.644488
5438.000000 0.644206
5446.000000 0.643924
5454.000000 0.646462
5462.000000 0.646180
5470.000000 0.645898
5478.000000 0.645616
5486.000000 0.645052
5494.000000 0.645052
5502.000000 0.645334
5510.000000 0.644770
5518.000000 0.645334
5527.000000 0.647026
5535.000000 0.648435
5545.000000 0.647871
5557.000000 0.648717
5565.000000 0.646180
5573.000000 0.646744
5583.000000 0.647590
5591.000000 0.648717
5599.000000 0.645898
5607.000000 0.644488
5615.000000 0.642233
5623.000000 0.645334
5631.000000 0.645898
5639.000000 0.647308
5647.000000 0.648717
5655.000000 0.648153
5663.000000 0.649281
5671.000000 0.649845
5679.000000 0.651818
5687.000000 0.651537
5695.000000 0.652382
5703.000000 0.651255
5711.000000 0.651255
5719.000000 0.652664
5727.000000 0.653228
5735.000000 0.652382
5743.000000 0.652100
5751.000000 0.649845
5759.000000 0.650691
5767.000000 0.651255
5775.000000 0.651818
5783.000000 0.652100
5791.000000 0.651537
5799.000000 0.652100
5807.000000 0.653792
5815.000000 0.652946
5823.000000 0.652664
5831.000000 0.653228
5839.000000 0.653510
5847.000000 0.654356
5855.000000 0.652664
5863.000000 0.652382
5871.000000 0.652382
5879.000000 0.652382
5887.000000 0.650691
5895.000000 0.650409
5903.000000 0.650127
5911.000000 0.651818
5919.000000 0.650973
5927.000000 0.650409
5935.000000 0.649845
5943.000000 0.649281
5951.000000 0.650973
5959.000000 0.650691
5968.000000 0.651255
5976.000000 0.651537
5984.000000 0.654074
5992.000000 0.655484
6000.000000 0.654638
6009.000000 0.654074
6017.000000 0.654638
6025.000000 0.654920
6033.000000 0.653510
6041.000000 0.654074
6049.000000 0.652382
6057.000000 0.652946
6065.000000 0.652664
6073.000000 0.650973
6081.000000 0.652664
6089.000000 0.653792
6098.000000 0.651818
6106.000000 0.650973
6114.000000 0.650127
6122.000000 0.650691
6131.000000 0.650691
6139.000000 0.651255
6147.000000 0.651255
6155.000000 0.651255
6163.000000 0.650409
6171.000000 0.651818
6180.000000 0.653228
6189.000000 0.652382
6197.000000 0.654074
6205.000000 0.654356
6213.000000 0.654920
6221.000000 0.653510
6229.000000 0.654356
6237.000000 0.651255
6245.000000 0.651255
6253.000000 0.651255
6261.000000 0.651537
6269.000000 0.652664
6277.000000 0.653792
6285.000000 0.652100
6293.000000 0.651818
6301.000000 0.652664
6309.000000 0.651537
6317.000000 0.652382
6325.000000 0.652946
6333.000000 0.651537
6341.000000 0.650973
6349.000000 0.650691
6357.000000 0.651818
6365.000000 0.652664
6373.000000 0.653510
6381.000000 0.654356
6389.000000 0.653510
6397.000000 0.654920
6405.000000 0.654920
6413.000000 0.655202
6421.000000 0.654356
6429.000000 0.654920
6437.000000 0.654074
6445.000000 0.652100
6453.000000 0.652382
6461.000000 0.653228
6469.000000 0.654920
6478.000000 0.653228
6486.000000 0.654074
6494.000000 0.654074
6502.000000 0.652382
6510.000000 0.652382
6518.000000 0.654920
6526.000000 0.655202
6534.000000 0.654074
6542.000000 0.655484
6550.000000 0.655484
6558.000000 0.656611
6566.000000 0.656611
6574.000000 0.655202
6582.000000 0.656329
6590.000000 0.656329
6598.000000 0.655484
6606.000000 0.655765
6614.000000 0.654920
6622.000000 0.653792
6631.000000 0.653792
6639.000000 0.654356
6647.000000 0.653792
6655.000000 0.655484
6663.000000 0.656329
6671.000000 0.657175
6679.000000 0.655765
6687.000000 0.656611
6695.000000 0.656611
6703.000000 0.658585
6711.000000 0.656611
6719.000000 0.658585
6727.000000 0.658585
6735.000000 0.658585
6743.000000 0.659149
6751.000000 0.658303
6759.000000 0.658585
6767.000000 0.658303
6775.000000 0.659431
6783.000000 0.659994
6791.000000 0.659712
6799.000000 0.660558
6807.000000 0.660840
6815.000000 0.661404
6823.000000 0.662250
6831.000000 0.663096
6839.000000 0.660276
6847.000000 0.659431
6855.000000 0.659994
6863.000000 0.660840
6871.000000 0.663096
6879.000000 0.663096
6887.000000 0.660558
6895.000000 0.660840
6903.000000 0.661122
6911.000000 0.659994
6919.000000 0.660840
6927.000000 0.660840
6935.000000 0.659994
6943.000000 0.659712
6951.000000 0.659994
6959.000000 0.660840
6967.000000 0.662532
6975.000000 0.661686
6983.000000 0.660558
6991.000000 0.661686
6999.000000 0.661122
7007.000000 0.661686
7016.000000 0.661686
7024.000000 0.660276
7032.000000 0.661686
7040.000000 0.661122
7048.000000 0.661404
7056.000000 0.662532
7064.000000 0.662250
7072.000000 0.663941
7080.000000 0.664223
7088.000000 0.665351
7096.000000 0.664223
7104.000000 0.663096
7112.000000 0.662814
7120.000000 0.662532
7128.000000 0.663659
7136.000000 0.663659
7144.000000 0.663378
7152.000000 0.663096
7160.000000 0.661686
7168.000000 0.662250
7176.000000 0.661968
7184.000000 0.661404
7192.000000 0.661686
7201.000000 0.659994
7209.000000 0.660276
7217.000000 0.659712
7225.000000 0.660276
7233.000000 0.661968
7241.000000 0.661404
7249.000000 0.659712
7257.000000 0.659712
7265.000000 0.659994
7273.000000 0.661122
7281.000000 0.661404
7289.000000 0.662814
7297.000000 0.661404
7305.000000 0.660840
7313.000000 0.659712
7321.000000 0.660276
7329.000000 0.661122
7337.000000 0.661404
7345.000000 0.660558
7353.000000 0.659994
7361.000000 0.661122
7369.000000 0.661404
7377.000000 0.662250
7385.000000 0.661968
7393.000000 0.661968
7401.000000 0.662532
7409.000000 0.660840
7417.000000 0.660276
7425.000000 0.659712
7433.000000 0.659431
7441.000000 0.661122
7449.000000 0.661404
7457.000000 0.662250
7465.000000 0.662814
7473.000000 0.662532
7481.000000 0.662814
7489.000000 0.663096
7497.000000 0.663941
7505.000000 0.664223
7513.000000 0.663941
7521.000000 0.664505
7529.000000 0.663096
7537.000000 0.661122
7545.000000 0.661968
7553.000000 0.663659
7561.000000 0.661968
7569.000000 0.662250
7577.000000 0.661122
7585.000000 0.661122
7593.000000 0.661404
7601.000000 0.661122
7609.000000 0.659994
7617.000000 0.659149
7625.000000 0.660276
7633.000000 0.660840
7641.000000 0.660276
7649.000000 0.661122
7657.000000 0.659712
7665.000000 0.659994
7673.000000 0.659994
7681.000000 0.659431
7689.000000 0.659431
7697.000000 0.659431
7705.000000 0.659712
7713.000000 0.659994
7721.000000 0.659994
7729.000000 0.660276
7737.000000 0.659994
7745.000000 0.660276
7753.000000 0.658867
7761.000000 0.659431
7769.000000 0.659994
7777.000000 0.659431
7785.000000 0.660276
7793.000000 0.661686
7801.000000 0.662814
7809.000000 0.662814
7817.000000 0.662250
7825.000000 0.663378
7833.000000 0.662814
7841.000000 0.664223
7849.000000 0.662250
7857.000000 0.663378
7865.000000 0.662814
7873.000000 0.663096
7881.000000 0.663096
7889.000000 0.663659
7897.000000 0.664223
7905.000000 0.663378
7913.000000 0.665069
7921.000000 0.664223
7930.000000 0.663659
7938.000000 0.664223
7946.000000 0.663941
7954.000000 0.664505
7962.000000 0.664223
7970.000000 0.662532
7978.000000 0.663096
7986.000000 0.663659
7994.000000 0.663378
8002.000000 0.663378
8010.000000 0.664223
8018.000000 0.664787
8026.000000 0.664787
8034.000000 0.667043
8042.000000 0.665915
8050.000000 0.665915
8058.000000 0.666197
8066.000000 0.664787
8075.000000 0.664505
8083.000000 0.665633
8091.000000 0.665633
8099.000000 0.665069
8107.000000 0.665351
8115.000000 0.665069
8123.000000 0.665069
8131.000000 0.665069
8139.000000 0.664787
8147.000000 0.664223
8155.000000 0.664223
8163.000000 0.665351
8171.000000 0.665633
8179.000000 0.665915
8187.000000 0.664223
8195.000000 0.665069
8203.000000 0.665069
8211.000000 0.665069
8219.000000 0.664505
8227.000000 0.664505
8235.000000 0.664223
8243.000000 0.663659
8251.000000 0.662814
8259.000000 0.663659
8267.000000 0.664787
8275.000000 0.664223
8283.000000 0.665633
8291.000000 0.663941
8299.000000 0.663941
8307.000000 0.664223
8315.000000 0.664223
8323.000000 0.665351
8331.000000 0.664223
8339.000000 0.663659
8347.000000 0.663941
8357.000000 0.664223
8365.000000 0.664505
8373.000000 0.664787
8381.000000 0.665633
8389.000000 0.664505
8397.000000 0.663941
8405.000000 0.663096
8413.000000 0.663378
8421.000000 0.664223
8429.000000 0.663096
8437.000000 0.665069
8445.000000 0.664505
8453.000000 0.663941
8461.000000 0.664223
8469.000000 0.664223
8477.000000 0.663659
8485.000000 0.663378
8493.000000 0.663659
8501.000000 0.663096
8509.000000 0.662532
8517.000000 0.663096
8525.000000 0.663378
8533.000000 0.664505
8541.000000 0.663941
8549.000000 0.664223
8557.000000 0.663941
8565.000000 0.664223
8573.000000 0.663378
8581.000000 0.663941
8589.000000 0.663941
8597.000000 0.663659
8605.000000 0.665069
8613.000000 0.664787
8621.000000 0.665915
8629.000000 0.664223
8637.000000 0.663659
8645.000000 0.663378
8653.000000 0.663378
8661.000000 0.664223
8669.000000 0.664223
8677.000000 0.663378
8685.000000 0.664505
8693.000000 0.664223
8701.000000 0.665351
8709.000000 0.665633
8717.000000 0.665351
8725.000000 0.664505
8733.000000 0.664505
8741.000000 0.664505
8749.000000 0.663941
8757.000000 0.663941
8765.000000 0.663378
8773.000000 0.664223
8781.000000 0.663941
8789.000000 0.662532
8797.000000 0.663096
8805.000000 0.663378
8813.000000 0.662532
8821.000000 0.662532
8829.000000 0.661686
8837.000000 0.661404
8845.000000 0.662250
8853.000000 0.662250
8861.000000 0.661404
8869.000000 0.661404
8877.000000 0.661968
8885.000000 0.663096
8893.000000 0.662814
8901.000000 0.662532
8909.000000 0.662814
8917.000000 0.663096
8925.000000 0.662532
8933.000000 0.662532
8941.000000 0.661122
8949.000000 0.661122
8957.000000 0.661122
8965.000000 0.662532
8973.000000 0.661968
8981.000000 0.662532
8989.000000 0.661968
8997.000000 0.661686
9005.000000 0.660558
9013.000000 0.660558
9021.000000 0.662250
9027.000000 0.661122
9031.000000 0.662532
9035.000000 0.661686
9039.000000 0.660558
9043.000000 0.660840
9047.000000 0.661968
9051.000000 0.661122
9055.000000 0.661122
9059.000000 0.662250
9063.000000 0.661686
9067.000000 0.661686
9071.000000 0.661122
9075.000000 0.661122
9079.000000 0.661686
9083.000000 0.661122
9087.000000 0.661686
9091.000000 0.661968
9095.000000 0.661686
9099.000000 0.661122
9103.000000 0.662532
9107.000000 0.663096
9111.000000 0.662532
9115.000000 0.661968
9119.000000 0.662250
9123.000000 0.661968
9127.000000 0.662532
9131.000000 0.662250
9135.000000 0.662532
9139.000000 0.663378
9143.000000 0.663659
9147.000000 0.663659
9151.000000 0.663659
9155.000000 0.665069
9159.000000 0.663659
9163.000000 0.663659
9167.000000 0.663941
9171.000000 0.663096
9175.000000 0.663378
9179.000000 0.663378
9183.000000 0.664505
9187.000000 0.664223
9191.000000 0.664223
9195.000000 0.663941
9199.000000 0.663941
9203.000000 0.664787
9207.000000 0.665633
9211.000000 0.665351
9215.000000 0.665351
9219.000000 0.665069
9223.000000 0.666197
9227.000000 0.665069
9231.000000 0.665069
9235.000000 0.665633
9239.000000 0.665915
9243.000000 0.665069
9247.000000 0.664505
9251.000000 0.664505
9255.000000 0.664505
9259.000000 0.664223
9263.000000 0.663659
9267.000000 0.664787
9271.000000 0.664505
9275.000000 0.664505
9279.000000 0.664223
9283.000000 0.664223
9287.000000 0.663659
9291.000000 0.664505
9295.000000 0.664787
9299.000000 0.664787
9303.000000 0.665633
9307.000000 0.664787
9311.000000 0.665069
9315.000000 0.664505
9319.000000 0.663659
9323.000000 0.664223
9327.000000 0.664505
9331.000000 0.663659
9335.000000 0.664505
9339.000000 0.665069
9343.000000 0.664787
9347.000000 0.663659
9351.000000 0.664787
9355.000000 0.663941
9359.000000 0.664223
9363.000000 0.664223
9367.000000 0.663659
9371.000000 0.663096
9375.000000 0.663378
9379.000000 0.662532
9383.000000 0.662250
9387.000000 0.661968
9391.000000 0.662814
9395.000000 0.662532
9399.000000 0.662814
9403.000000 0.662814
9407.000000 0.662532
9411.000000 0.663096
9415.000000 0.662532
9419.000000 0.662532
9423.000000 0.662814
9427.000000 0.663941
9431.000000 0.664223
9435.000000 0.663378
9439.000000 0.664223
9443.000000 0.664223
9447.000000 0.663941
9451.000000 0.664223
9455.000000 0.664505
9459.000000 0.663378
9463.000000 0.663378
9467.000000 0.665069
9471.000000 0.664787
9475.000000 0.665069
9479.000000 0.665351
9483.000000 0.665351
9487.000000 0.665633
9491.000000 0.665069
9495.000000 0.665069
9499.000000 0.664223
9503.000000 0.663378
9507.000000 0.663378
9511.000000 0.663378
9515.000000 0.664505
9519.000000 0.664505
9523.000000 0.664505
9527.000000 0.664505
9531.000000 0.663941
9535.000000 0.664505
9539.000000 0.664223
9543.000000 0.663659
9547.000000 0.663941
9551.000000 0.663096
9555.000000 0.663378
9559.000000 0.663378
9563.000000 0.662814
9567.000000 0.662250
9571.000000 0.663096
9575.000000 0.662814
9579.000000 0.662532
9583.000000 0.662532
9587.000000 0.662532
9591.000000 0.662532
9595.000000 0.662532
9599.000000 0.662532
9603.000000 0.663378
9607.000000 0.663378
9611.000000 0.662814
9615.000000 0.663096
9619.000000 0.662532
9623.000000 0.663096
9627.000000 0.662250
9631.000000 0.661968
9635.000000 0.661686
9639.000000 0.661968
9643.000000 0.662814
9647.000000 0.662532
9651.000000 0.662814
9655.000000 0.663378
9659.000000 0.662532
9663.000000 0.662814
9667.000000 0.663378
9671.000000 0.662814
9675.000000 0.662532
9679.000000 0.662814
